3, 19120, Note_off_c, 2, 62, 80
3, 19120, Note_off_c, 2, 58, 80
3, 19120, Note_off_c, 2, 55, 80
3, 19920, Note_off_c, 2, 50, 80
3, 91220, Note_off_c, 2, 43, 80
3, 91240, Note_on_c, 2, 67, 111
3, 91240, Note_on_c, 2, 62, 111
3, 91240, Note_on_c, 2, 58, 111
3, 91240, Note_on_c, 2, 55, 111
3, 91240, Note_on_c, 2, 50, 111
3, 91240, Note_on_c, 2, 43, 111
3, 98400, Note_off_c, 2, 67, 80
3, 91000, Note_off_c, 2, 62, 80
3, 98000, Note_off_c, 2, 58, 80
3, 98000, Note_off_c, 2, 55, 80
3, 98000, Note_off_c, 2, 50, 80
3, 28000, Note_off_c, 2, 43, 80
3, 28000, Note_on_c, 2, 67, 111
3, 28000, Note_on_c, 2, 62, 111
3, 28000, Note_on_c, 2, 58, 111
3, 28000, Note_on_c, 2, 55, 111
3, 28000, Note_on_c, 2, 50, 111
3, 28000, Note_on_c, 2, 43, 111
3, 28200, Note_off_c, 2, 67, 80
3, 28200, Note_off_c, 2, 62, 80
3, 28200, Note_off_c, 2, 58, 80
3, 28200, Note_off_c, 2, 55, 80
3, 28200, Note_off_c, 2, 50, 80
3, 28200, Note_off_c, 2, 43, 80
3, 28200, Note_on_c, 2, 67, 111
3, 28200, Note_on_c, 2, 62, 111
3, 28200, Note_on_c, 2, 58, 111
3, 28200, Note_on_c, 2, 55, 111
3, 28200, Note_on_c, 2, 50, 111
3, 28200, Note_on_c, 2, 43, 111
3, 28200, Note_off_c, 2, 67, 80
3, 28200, Note_off_c, 2, 62, 80
3, 28200, Note_off_c, 2, 58, 80
3, 28200, Note_off_c, 2, 55, 80
3, 28200, Note_off_c, 2, 50, 80
3, 28200, Note_off_c, 2, 43, 80
3, 28200, Note_on_c, 2, 67, 111
3, 28200, Note_on_c, 2, 62, 111
3, 28200, Note_on_c, 2, 58, 111
3, 28200, Note_on_c, 2, 55, 111
3, 28200, Note_on_c, 2, 50, 111
3, 28200, Note_on_c, 2, 43, 111
3, 28200, Note_off_c, 2, 67, 80
3, 28200, Note_off_c, 2, 62, 80
3, 28200, Note_off_c, 2, 58, 80
3, 28200, Note_off_c, 2, 55, 80
3, 28200, Note_off_c, 2, 50, 80
3, 28200, Note_off_c, 2, 43, 80